78860289
78944259
78934020
78934021
78813194
78631805
78774286
78604303
78546961
78770200
78374937
78393370
78551069
78635042
78852134
78747689
78962730
78676011
78934061
78604334
78907439
78604337
78932017
78401590
78604342
78878775
78481465
78606391
78907455
79009857
78606402
78909505
78403652
78932037
78575692
78448717
78575694
78374991
78825554
78680148
78547028
78616662
78561365
78522461
78778464
78420070
78964842
78966891
78764143
78739572
78485626
78420092
78377085
78448766
78403708
78428285
78372990
78819459
78942341
78758022
78805127
78878855
78880905
78866568
78428299
78706834
78909588
78633112
78809242
78936219
78770333
78747806
78631070
78403745
78706849
78979237
78817452
78522545
78817459
78815411
78966971
78936252
78735551
78639295
78936255
78403778
78604487
78485704
78715079
78704844
78631117
78880976
78401747
78530772
78960854
78706905
78639321
78878937
78758109
78878941
78932193
78967010
78575843
78424292
78858469
78967011
78612711
78584040
78819561
78711017
78735600
78518512
78403829
78815478
78713078
78813432
79018234
78526715
78747899
78418180
78704903
78758152
78678289
78909714
78715162
78559519
78932256
78819617
78684454
78856488
78487849
78559528
78467375
78477616
79018288
78883123
78975284
78471477
78858549
78940474
78432570
78844224
78965058
78575942
78889287
78633293
78885197
78557519
78764373
78682458
78776667
78936412
78764382
78637407
78393703
78881129
78575981
78449006
78764398
78526830
78944625
78551410
78881144
78745979
78852477
78963078
78811530
78911883
78608780
78907791
78604702
78963105
78676386
78518691
78686627
78586280
78911913
78518699
78879150
78918071
78813624
78477757
78985662
78418367
78766528
78367169
78961092
78528965
78875082
78961099
78735820
78813647
78617040
78774737
78471631
78705107
78774740
78877135
78774744
78860760
78942680
78768603
78875100
78744027
78944736
78684645
78932456
78576105
78604778
79014379
78494187
78559722
78965231
78545392
78875120
78412275
78891508
78682613
78576122
78774785
78817795
79010307
78453252
78768646
79010316
78875148
78844431
78844434
78631442
78875158
78817816
78613022
78484003
78881318
78963241
78576170
78527019
78897711
79012400
78615088
78910003
78391859
78576181
78811705
78367292
78449214
78576191
78611008
79020611
78584387
78408261
78582340
78961223
78762564
78525003
78449230
78914131
78916179
78860885
78746198
78457431
78475862
78858841
78404184
79016537
78359132
78713433
78705247
78580320
79026786
78522980
78885486
78477937
78477938
78815859
78641780
78625402
78967420
78576255
78637695
78862977
78905986
78975618
78766726
78387848
78854793
78459535
78877330
78631572
78523031
79012503
79016604
78586526
78762655
78631585
78545571
78932655
78809776
78705327
78578355
78817973
79014582
78860987
78774973
78961348
78576325
78392007
78559945
78680781
78752464
78486224
78508754
78875348
78875349
78680790
78877399
78885592
78742230
78875354
79012568
78856925
78947037
78424799
78371558
78908135
79016685
78818033
78764786
78686965
78396154
78527229
78459657
78363405
79026957
78605074
78519058
78854938
78854940
78854942
78390047
79020832
79020833
78576418
78938913
78734116
78938914
78519089
78887730
78770995
78809905
79016759
78426944
79004481
78445380
78482245
79004486
78768967
79014735
78553936
78938959
78777169
78508885
78816086
78740311
78967638
78717786
78631772
78457693
78445407
78687074
78805860
78887781
78482279
78355303
78232431
78861170
78967670
78537590
78615416
78607225
78547836
78709629
78642046
78431103
78453630
78906238
78525314
78967683
78924671
79014789
79008645
78445445
78906248
78488457
78816138
78687112
78695308
78863250
78936983
78390171
78908317
78814110
78855073
78494626
78764963
78941092
79008675
78859174
78779304
78451626
78476206
78865334
78552000
78715842
78721991
78932939
79010764
78390221
78375885
78746575
78836687
79014864
78908371
78420954
79018970
78371813
78961639
78715883
78617580
78547951
78705649
78816242
78943220
78547957
78711800
78476285
78576638
78676991
78644224
79019009
78676990
78396422
79016967
78578697
78449673
78478347
78724107
78631945
78644238
78816275
78713880
78771225
78883864
78425115
78679066
78818333
78320672
78818339
78494758
78494759
78705709
78810160
78943281
78853172
78677045
79008823
78687288
78883900
78447678
78824513
77098049
78586952
78853195
79012940
78851156
78867544
78724187
78519388
78632031
78429281
78390370
78460003
78447718
78769255
78711918
78709870
78939251
78814326
78773367
78976122
78670973
78365832
78933132
78365839
78734485
78888086
78763159
78548123
78769315
78769316
78939301
78769318
78640293
78640296
78763178
78400684
78615725
78580912
78537905
78908598
79010999
78580920
78769337
78890173
78906557
78974146
78421187
78968007
78476489
78914762
78763213
78732494
78857423
78861519
78560465
78519507
78552276
78390487
78458073
78769373
78806239
78914784
77671653
78933222
78933223
78933224
78853353
78816490
74568940
78390514
78447860
78851317
78812406
78941428
78732536
79015161
78478584
78390516
78886142
78419201
78529800
78763273
78912779
78390540
78712077
78961934
78447884
78712081
78814485
78509334
78763286
79019288
78732565
78886167
78763296
78607649
78402851
78599459
78763306
78732587
78767404
78519598
78933294
78419248
78939444
78732597
78939446
78943543
78865719
78744885
78908726
78716219
79027517
78945598
78705982
78484803
78775620
78810436
78734662
79027531
78613837
78861645
78880078
78716237
78761300
78761301
78824789
78763356
78581090
78732644
79009128
78554479
79009137
78683506
78732663
78880122
78706044
78523773
78638463
78767490
78912898
78767494
78767495
78747018
78689674
78771598
78556558
78939536
78548369
78962065
78888341
78962071
78912919
78695833
78769563
79027616
78851489
78587301
78931368
78882220
78818732
78882222
79005108
78431671
78558648
78548411
78425534
78366144
78403012
78677446
78609863
79009226
78616012
78910925
78714331
78441947
78851549
78890463
78482913
78581218
78427619
78747106
78769636
78427623
78609895
78603753
78677482
78970345
78763500
78740972
78738922
78605803
78763506
78763508
78939636
78771709
79023614
78933506
78859779
78550535
78683656
78237193
79019530
79009287
78448140
78741007
78954003
79027731
78466581
78908951
78366234
78605852
78714399
78888482
78585378
78732835
78732836
79009318
78454315
78698028
77643309
78642732
78966319
78538288
78366257
78538290
78675499
78538292
78888501
78538294
78638644
78605880
78931513
78687804
78403135
78861888
78917185
78732869
78632518
78460489
78632527
78448208
78851665
78931536
78732879
78452308
78880339
78556756
78704217
78704225
78739042
78581347
78704227
78919269
78917223
78876267
78808686
78917233
78583411
78933620
78812788
78677623
78528121
78401148
78519933
78612093
77645439
78712448
78874244
78820998
78558855
78900872
78933641
78552715
78460555
78970509
78704267
78376591
78683791
78878354
79009428
78409365
78911126
78767775
78878368
78735009
78712489
78706348
78706349
78829233
78855857
78739122
78741173
79019708
78757564
78610112
78880453
78476997
79011529
78530250
78362315
78771917
78939855
78393043
78374615
79009496
78374630
78769895
78706409
78915310
78616303
78714607
78931697
78819059
78231283
78374647
78563068
78612230
78937863
78718729
78532365
78907149
78675728
78888720
78558995
78747415
78855959
78960408
78612250
78935837
78485279
78962468
78395174
78698279
78520104
78575399
78554920
78642987
78528295
78681905
79009589
78583610
78884667
78960447
78587714
78944069
78638919
78747464
78774101
78851927
78681944
78399325
78915433
78919532
78851949
78763886
78514034
78514035
78854002
78606197
78550898
78514040
78514041
78763898
78813056
78907265
78448515
78550916
78366598
78774152
78430094
78747538
78985106
79009683
78624664
79017880
78610330
78808986
78368669
78518174
78856098
78917542
78391206
78888870
78378921
78616490
78706602
78524332
79009705
78933934
78938032
78962609
79019954
78821299
78706612
78583733
78706614
78962611
78907316
78632890
78964669
78675904
78636993
78766016
78708676
78575557
78522309
78675912
78643146
78530510
78374869
78430167
78933976
78915545
78878685
78714848
78546913
78682085
78632934
78708715
78645228
78604267
78403565
78770161
78907379
78604276
78604277
78970870
78858235
78546942
78686207
