81704958
81544094
81728823
81050897
81521602
81446045
81681733
81727974
81704992
81579040
81680322
81611860
81445333
81659497
81267182
81543987
81712862
81542010
81797271
81802450
81597620
81792385
81580246
81791683
81522082
81140845
81204193
81725427
81665650
81732155
81704227
81130686
81662763
81791999
81372980
81130973
81681980
81407685
81340764
81165869
81704657
81544869
81544635
81726458
81574486
81801174
80922924
81543926
81340959
81544763
81645007
81610129
81730743
81309601
81517587
81683295
81548565
81707725
81344655
81486392
77645439
81769138
81723796
81347920
81406288
81513850
81309639
81654152
81601294
81545459
81658243
81340491
81168710
81513201
81774930
81726139
81546050
81727089
81723778
81803425
81491599
81240706
81683885
81551285
81491560
81522190
81654952
81682857
78403565
81513441
81802545
81513197
81712879
81679572
81645158
81728993
81724440
81341060
81617199
81272021
81170653
81519106
81493099
81729927
81802468
81491088
81573421
81515317
81348526
81309593
81312344
81572891
81791405
81678980
81759543
81441810
81759303
81311238
81723598
81790601
81657553
81516505
81443572
81524358
81407538
81521005
81705499
81447184
81654783
81308935
81309659
81414570
81574132
81309429
81444069
81604437
81405979
81746857
81729144
81382219
81572953
81759193
81763133
81051382
81414269
81343843
81707341
81705615
81705064
81309236
81593514
81310497
81374584
81205608
81146956
81135421
81598457
81707727
81378052
81552933
81380677
81728653
81683957
81440417
81612903
81263157
81409478
81320783
81797093
81802473
81178646
81735160
81768872
81642045
81438285
81201410
81712732
81345075
81202807
81340494
81724204
81440988
81380478
81518940
81130878
81642055
81409712
79919496
81206844
81341253
81349915
81573042
81675820
81355591
81789565
81362101
81554695
81406253
81263764
81263090
81731064
81790954
81238824
81373723
81379507
81491029
81130658
81440256
81138162
81798533
81441606
81688297
81796440
81769096
81746923
81438922
81130684
81711046
81523952
81572742
81494230
81319225
81438923
81705003
81792226
81544620
81309288
81235697
81609896
81174757
81302893
81374602
81760205
81522808
81165934
81712864
81712468
81374077
81139320
81603087
81733438
81727072
81345437
81600912
81654426
81443038
81759577
81802826
81523883
81775365
81543134
81761877
81732281
81611463
81709812
81140485
81516240
81374726
81270004
81485680
81133105
81598473
81405363
81453599
81346085
81598719
81414393
81654143
81378803
81729431
81766959
81263005
81233508
81543247
81681275
81750072
81345823
81372898
81679516
81772519
81375230
81266223
81411030
81361842
81165941
81684339
81792676
81549590
81446456
81704047
81601926
81663878
81682686
81684619
81800211
81684902
81165876
81572804
81557307
81165756
81235634
81685998
81143972
81490326
81524861
81724781
81659245
81642021
81272086
81483846
81577848
81549348
81131252
81727660
81725508
81525932
81679287
81799867
81252152
81802871
81799014
81576855
81136475
81725472
81760466
81272854
81542017
81556696
81265829
81234541
81781452
81553819
81658636
81492270
81611651
81598378
81654374
81783987
81710247
81547716
81166204
81727457
81345095
81606929
81526768
81660208
81442025
81446689
81448547
81165855
81415494
81725758
81526669
81804333
81800717
81706183
81521205
81724742
81683549
81794505
81493383
81704527
81642220
81341151
81381241
81614714
81683636
81379667
81493141
81612397
81574235
81262969
81680013
81725276
81293507
81409690
81610888
81660273
81644224
81728050
81560765
81375162
81524007
81525502
81706094
81263069
81769685
81680744
81514413
81681647
81344119
81490843
81658334
81613147
81542979
81704379
81598786
81680467
81374669
78403652
81605015
81787949
81602811
81543179
81414240
81600780
81598021
81603510
81654597
81344798
81142682
81309618
81556196
81598489
81134685
81543115
81795127
81790134
81572997
81405458
81551079
81152127
81682601
81354832
81793480
81729895
81759395
81644460
81581851
81543318
81341865
81797361
81377104
81130822
81308591
81286902
81759527
81730332
81572782
81747380
81524526
81604395
81573438
81494292
81294494
81344925
81597865
81235392
81213916
80926394
81409797
81579192
81386100
81795194
81310464
81600782
81309995
81609301
81240723
81410095
81439171
81704839
81405384
81269135
81308967
81146440
81697401
81344245
81723795
81760463
81798458
81546150
81471896
81729489
81725323
81165980
81373195
81676556
81345581
81683156
77098049
81579927
81269853
81574490
81661826
81491307
81679655
81212973
81354077
81262937
81760528
81651276
81793508
81770604
81642330
81130712
81362018
81131459
81410086
81724303
81654436
81373216
81725608
81606285
81759732
81136593
81519823
81352704
81763950
81450144
81760531
81526707
81643149
81340224
81543321
80926281
81239814
81344752
81689684
81823828
81139762
81823869
81518060
81575609
81790578
81680951
81710024
81309211
81638919
81724165
81514077
81823879
81642534
81582282
81374011
81377702
81520851
81201741
81137991
81237696
81405485
81577518
81748911
81550448
81610843
81679973
81659833
81171940
81310725
81546280
81516324
81765286
81654233
81546598
81360968
81704056
81522747
81576652
81598578
81435388
81448206
81544438
81575700
81679573
81548757
81371865
81574671
81492132
81438660
81574509
81257929
81416341
81731226
81446343
81598057
81201493
81724479
81242942
81165972
81763595
81320881
81414866
81732068
81203347
81729773
81686342
81781730
81823872
81340172
81676265
81518812
81168964
81645911
81574287
81377609
81614381
81586168
81731342
81644724
81235725
81804313
81380288
81543199
81575895
81490752
81769875
81790566
81547276
81488248
81339418
81139174
81642119
81312098
81379677
81655222
81489396
81543154
81515401
81759175
81377898
81413699
81730299
81620794
81764611
81704452
81759233
81521403
81343706
81573055
81707149
81515698
81174448
81727466
81405335
81725664
81598382
81546537
81554962
81376887
81764740
81544248
81728994
81382052
81513504
81572884
81679890
81659259
81420931
81268243
81654164
81373910
81686164
81483703
81417071
81167976
81204613
81704761
81761817
81803678
81131596
81729519
81376363
81493295
81377004
81765493
81698212
81136988
81313673
81574881
81714243
81727298
81792630
81583384
81241894
81706968
81513983
81635590
81677847
81203095
81348510
81678293
81802550
81799935
81654255
81724980
81445745
81704759
81310564
81313126
81350681
81799692
81730019
81659893
81235585
81331233
81582066
81759844
81166479
81270809
81660471
81581152
81327676
81351134
80926527
81377397
81169007
81578751
81704110
81493301
81470603
81606506
81490175
81724042
81448015
81679487
81546284
81642082
81759398
81759877
81749400
81460282
81675790
81794287
81578850
81610022
81374074
81484010
81679284
81717845
81600600
81172636
81630217
81374519
81450428
81574231
81798508
81683853
81800825
81761411
81810881
81206239
81574523
81548891
81549821
81656321
81483826
81545262
81544634
81521142
81406012
81527473
81615475
81384395
81677479
81438404
81680785
81598577
81789482
81391974
81202441
81725053
81399868
81664071
81660161
81515133
81263251
81599534
81130811
81445462
81214342
81655744
81374022
81583369
81713517
81760802
81770411
81672431
81144681
81724895
81350730
81794553
81447158
81756091
81723903
81136195
81487188
81608611
81201378
81791450
81374621
81619965
81802900
81380808
81340331
81341146
81611046
81489600
81202528
81580386
81412451
81265882
81712646
81547184
81766192
81211974
81484484
81138103
81794402
81488143
81556815
81130815
81519183
81725340
81678994
81403235
81340222
81211121
81543215
81494953
81655156
81728624
81314452
81340367
81544890
81680103
81576927
81544502
81490601
81642123
81801401
81448648
81320846
81407611
81725614
81807676
81789791
81344582
81372813
81341190
81650771
81410730
81710023
81415547
81709641
81389319
81524700
81543499
81374005
81661283
81682172
81681958
81630055
81604974
81616089
81340210
81791742
81732625
81544451
81763356
81316761
81729059
81577375
81660879
81393877
81169498
81554425
81484921
81442952
81515713
81714239
81448683
81704343
81575750
81355469
81345093
81612436
81578369
81643547
81723690
81249093
81485715
81676460
81794507
81683517
81703188
81583387
81712960
81133244
81605135
81550627
81798292
81707636
81237117
81231810
81659710
81549791
81136545
81573011
81412268
81263544
81450564
81798630
81316325
81765823
81654112
81759525
81601293
81439050
81767815
81449694
81344360
81308469
81235988
81340252
81654165
81790568
81310644
81723800
81405484
81491499
81546251
81344795
81341037
81724424
81793434
81601873
81349969
81374594
81659924
81520956
81727051
81599532
81450215
81573518
81550611
81644977
81393918
81734229
81267247
81645149
81630415
81731046
81795663
81129974
81349493
81308972
81272687
81789340
81527216
81708421
81761943
81165857
81446797
81262979
81769759
81267373
81704281
81659968
81376349
81725305
81796142
81517241
81412217
81679800
81760259
81573407
81759466
81374696
81792447
81763942
81704615
81732626
81309547
81681580
81525821
81576491
81583123
81598278
81411059
81210856
81131189
81794353
81485208
81405437
81522268
81674027
81344257
81704666
81513327
81678420
81767132
81475172
81406030
81497351
81794448
81494479
81767235
81361890
81789908
81687267
81206481
81132929
81165865
81656754
81726822
81554122
81716992
81795987
81659059
81441355
81759454
81577424
81345768
81748038
81216779
81772355
81727160
81492956
81438531
81613780
81676369
81683377
81397831
81548624
81347320
81572260
81137646
81317536
81611532
81165430
81373249
81729781
81484424
81309479
81798780
81656917
81517650
81574827
81448612
81723853
81679285
81170086
81234849
81492361
81792420
81781255
81407849
81449337
81234621
81373705
81377541
81682278
81641951
81391609
81610788
81130901
81727426
81547370
81171864
81521520
81645096
81606469
81412233
81600779
81547161
81684184
81201401
81407927
81514332
81812204
81664565
81762122
81344454
81382668
81391323
81244100
81762551
81263124
81789224
81353076
81247399
81519381
81439974
81243673
81726244
81517757
81377300
81441782
81729266
81598969
81710890
81762603
81405812
81374775
81705529
81642409
81724506
81131103
81520137
81268718
81656776
81796926
81759485
81724110
81573002
81347838
81408332
81513126
81707704
81562983
81545419
81727668
81235902
81545318
81710439
81613778
81380354
81340234
81172253
81415230
81521988
81790576
81548895
81764301
81174993
81661679
81733860
81706363
81375028
81521791
81766499
81578951
81730844
81725479
81136527
81416128
81759644
81654621
81660863
81793290
81724651
81405503
81642175
81793127
81200340
81770183
81181063
81444373
81790926
81381295
81704259
81373262
81679180
81573123
81678794
81790561
81415053
81580675
81572763
81572873
81770058
81732942
81485137
81734075
81684163
81543235
81710734
81759576
81707797
81642103
81415044
81202291
81320316
81680669
81676549
81380673
81759429
81675835
81444403
81684989
81203092
81438442
81805090
81378430
81642273
81577106
81445786
81375111
81407316
81513230
81451046
81813863
81405575
81577108
81704347
81684520
81642064
81701288
81761876
81610282
